time,x,y,z,phi,theta,psi,x_velocity,y_velocity,z_velocity,phi_velocity,theta_velocity,psi_velocity,rotor_speed1,rotor_speed2,rotor_speed3,rotor_speed4
0.06,-3.28100289676e-07,1.04763405671e-07,10.0061511828,6.28274622487,0.000271232316253,0.0,-2.83628073189e-05,-1.41196969075e-05,0.205024249712,-0.0289277738505,0.0123011228858,0.0,468.7978695998552,469.7524832983061,469.930117554819,467.68287573638366
0.12000000000000001,-1.11696443707e-05,-1.75096371597e-05,10.0227624948,6.28092076354,0.00118457500939,0.0,-0.0004231827818,-0.000765947102571,0.348652316917,-0.0335987815052,0.0205039466295,0.0,450.84321212932525,451.5052739997011,450.1976572439255,449.81932262273557
0.18,-7.00024874926e-05,-0.000125927613203,10.0496972722,6.27888750426,0.00242171579162,0.0,-0.00168200556763,-0.00308442070624,0.549097351017,-0.0344716300328,0.0208481385412,0.0,467.0767641439989,467.1035642492358,468.6305408373375,468.56229725223204
0.23999999999999996,-0.000219471296365,-0.000396583721938,10.083276687,6.27685960273,0.00369231997823,0.0,-0.00341414657685,-0.00612236542728,0.570204743574,-0.0324849892158,0.0218258992923,0.0,410.81125975292485,410.8979734349424,411.92501324383915,412.10006708993495
0.3,-0.000517276450378,-0.000918903968032,10.1229969031,6.27480039638,0.00605552466535,0.0,-0.00673726086376,-0.0115165062672,0.753696470375,-0.0382682395975,0.0614311994241,0.0,461.3141992591428,464.43115771611394,463.3621336648989,462.9068882126559
0.36000000000000004,-0.00106413993162,-0.00179507496221,10.1715748816,6.27244877505,0.0104784555491,0.0,-0.0119192156085,-0.017929509875,0.865485577808,-0.0411114644082,0.0909916110582,0.0,440.566341301786,443.0073728798944,440.8039752926357,440.56820346077194
0.4200000000000001,-0.00200008007771,-0.00308591666216,10.2250610783,6.27000997772,0.0159303016339,0.0,-0.0197959715738,-0.0253307263876,0.917337923719,-0.0397330235629,0.0906080406004,0.0,423.27289705950045,423.24727037682504,420.98607337176526,421.1043513181958
0.48000000000000015,-0.00354230557845,-0.0048907570786,10.2833649218,6.26736913391,0.0214304763923,0.0,-0.0321749447381,-0.0350869185209,1.02601789129,-0.0543547975068,0.0937109233027,0.0,439.71249296564173,439.97659533662915,441.8941388871896,440.6861474128189
0.5400000000000001,-0.00606788143511,-0.00742897862681,10.3536901464,6.26466177016,0.0277314009349,0.0,-0.0527901342389,-0.0498987186275,1.31784082505,-0.0311504781716,0.121276961348,0.0,493.70179766097027,495.73934431938324,494.81870809307816,496.5226957926547
0.6000000000000002,-0.00990224091232,-0.0108556154141,10.4380315828,6.26282071787,0.0348019409168,0.0,-0.0758288158586,-0.0645279957086,1.4932977774,-0.0297677553444,0.109902067581,0.0,462.2372877461488,461.3519421842172,462.30398622981187,462.412636957837
0.6600000000000003,-0.0153121137138,-0.0152208431068,10.533813625,6.26102400911,0.0418985473885,0.0,-0.105300092719,-0.0811839505174,1.69911728321,-0.0303022473984,0.131224135787,0.0,471.2701031536212,472.9265778667761,471.2128864586276,471.1713422541166
0.7200000000000003,-0.0225096363803,-0.0205480831058,10.6383699954,6.25908216102,0.049742473613,0.0,-0.135398054907,-0.0965747833838,1.78592080819,-0.036843624969,0.129730519464,0.0,435.873045563011,435.7642620772225,436.1013270494537,435.55420988520456
0.7800000000000004,-0.0318683736211,-0.0269335344717,10.7519634735,6.25677398109,0.0575213525642,0.0,-0.177467308586,-0.116532254408,2.0001183344,-0.0419371058683,0.129482572021,0.0,475.1618041634692,475.1570006546964,475.3840254608389,474.992976292698
0.8400000000000004,-0.0437565092079,-0.0344899211095,10.875299312,6.254115172,0.0658225319568,0.0,-0.219629105828,-0.135608183208,2.11081372624,-0.0495473278791,0.151892076547,0.0,445.5500794966051,447.39563028947134,443.1694937847781,442.54241305342214
0.9000000000000005,-0.0584227038221,-0.0432785416983,11.0062896564,6.25102671546,0.0750259764384,0.0,-0.270220256622,-0.157664324283,2.25516897893,-0.0556355770672,0.156227739661,0.0,455.2764966159622,455.6448033343263,456.15486982183234,455.66680923957335
0.9600000000000005,-0.0762326687435,-0.0534183671426,11.1446765379,6.24788506582,0.0849500777389,0.0,-0.32442173233,-0.180651312564,2.35741985461,-0.0465079062928,0.179294537583,0.0,442.8686179274188,444.78744094326424,442.5711851800578,443.31997595699943
1.0200000000000005,-0.0975248128032,-0.0650070884626,11.2894032642,6.2458550683,0.0955088646343,0.0,-0.386399153706,-0.205868774528,2.46645145245,-0.0161624653322,0.168365675991,0.0,446.8212545050032,445.95902740188126,444.77327715653615,447.2509102787437
1.0800000000000005,-0.122854682708,-0.0781829547547,11.4416726087,6.24505830308,0.105768786831,0.0,-0.459002074863,-0.233405978804,2.60874365486,-0.00806048357957,0.175797416494,0.0,455.77887709340075,456.3996050260312,458.1185325762341,458.7624001418712
1.1400000000000006,-0.152534462626,-0.0929435570047,11.6002956109,6.24433196623,0.115825676839,0.0,-0.531321147818,-0.25866131336,2.67838929806,-0.0217595539835,0.141449839268,0.0,436.1861747073937,433.3348776591848,436.6414232333254,435.4971921945234
1.2000000000000006,-0.187170980355,-0.10937654424,11.7666851235,6.24358942457,0.124157245344,0.0,-0.624145129836,-0.289195089147,2.86731641502,0.00177570142593,0.133104752899,0.0,472.26734933211543,471.63987247492804,473.00499034396654,474.8140686587459
1.2600000000000007,-0.227640064328,-0.12767421894,11.9449384474,6.24414375501,0.132022698339,0.0,-0.725690951583,-0.320659112601,3.07376615446,0.0210648450817,0.126728934056,0.0,480.3988282459318,479.92948749204015,477.80423880974445,479.2724432693742
1.3200000000000007,-0.273954712611,-0.147715754573,12.132317627,6.24540944155,0.139854336995,0.0,-0.818881944039,-0.347249442852,3.17179144509,0.0211545643453,0.137202479932,0.0,447.99066874248194,448.85686889466075,447.2864848946895,447.2937830252406
1.3800000000000008,-0.326477925561,-0.169445183484,12.3287305341,6.24689813693,0.147953281426,0.0,-0.932767005863,-0.376875685568,3.37453386408,0.0312718344344,0.130130720179,0.0,481.59287554000207,481.0729386156158,479.39294027103887,480.1611440561417
1.4400000000000008,-0.385614956941,-0.192815211864,12.5345444513,6.24826344267,0.156054936822,0.0,-1.03924410946,-0.401929741095,3.48541358026,-0.00561551222236,0.143354373173,0.0,454.1286825321719,455.2044329437614,455.5986207013672,452.6396709626428
1.5000000000000009,-0.451030743018,-0.217605683334,12.7451934097,6.24765982947,0.16444779686,0.0,-1.14206439846,-0.42445170058,3.53586121118,-0.0208951669579,0.131837856027,0.0,435.44400718344474,434.4980471553246,438.3436795691225,437.072116052996
1.560000000000001,-0.522949810532,-0.243798628329,12.9598722108,6.246263688,0.172555995789,0.0,-1.25599377623,-0.448762590555,3.61961142229,-0.0284978247483,0.141024196429,0.0,447.3386786798272,448.102778377943,448.17882925656187,447.56039175941424
1.620000000000001,-0.601812491404,-0.271466548873,13.179199847,6.24431213727,0.18062743991,0.0,-1.37353648046,-0.473663227122,3.69083399389,-0.0421283064381,0.116550126644,0.0,445.9843776824419,443.9970803682032,445.33261569235503,444.2157783834161
1.680000000000001,-0.688743354908,-0.300851138158,13.4074233501,6.24258372135,0.188106562507,0.0,-1.52489552985,-0.506030288345,3.91556440486,-0.0105027878382,0.137265870347,0.0,492.3863578996805,493.92878663507736,490.52302560602476,492.86576487561143
1.740000000000001,-0.783771021812,-0.331962182982,13.642966405,6.24192223472,0.196165204229,0.0,-1.64341885731,-0.531052501285,3.93554257555,-0.0120897346628,0.127634392263,0.0,432.0005798339361,431.2047743132729,431.5150706088545,431.3811941738545
1.8000000000000012,-0.885709542716,-0.364513785529,13.8779245927,6.24106324001,0.203324510794,0.0,-1.75517899028,-0.554064151793,3.89629514594,-0.0191902138866,0.0923351051825,0.0,415.0217036382068,411.92473470589914,411.3102016401716,410.68089935310053
1.8600000000000012,-0.994614639309,-0.398490208771,14.1111923586,6.24004693755,0.20911571872,0.0,-1.87549731571,-0.578571215114,3.87913179747,-0.0127776379842,0.10379072634,0.0,419.4272392438282,420.4295500018114,419.8468191432506,420.4029348303571
1.9200000000000013,-1.11219028444,-0.434225355467,14.3496916903,6.23912077161,0.215106793515,0.0,-2.04425819338,-0.612657460216,4.06983736562,-0.021367701483,0.0905092785535,0.0,487.06993882984756,486.0831500911187,485.8748544626223,485.23048763818286
1.9800000000000013,-1.23882837052,-0.471784618086,14.5941,6.23822714391,0.220438789547,0.0,-2.17749744492,-0.639403180745,4.07682067274,-0.00435770066576,0.0853629421387,0.0,430.56555103433584,430.1367433893162,430.4195360744967,431.85693411729744
2.0400000000000014,-1.37351770955,-0.510951842008,14.838691539,6.2380089833,0.22582405836,0.0,-2.31262721895,-0.666184927607,4.07597082135,-0.0022302634078,0.0973370871969,0.0,428.88587600162714,429.90876928443674,428.0466060947106,428.2277039400804
2.1000000000000014,-1.51749829321,-0.551939504655,15.0878543314,6.23788300703,0.23243583658,0.0,-2.48729530617,-0.700046942352,4.22850482795,-0.00183953791149,0.128041011469,0.0,476.36481339285956,478.71648251492974,478.4182570617268,478.44805333644734
2.1600000000000015,-1.67120562892,-0.594786279866,15.3422780526,6.23760564987,0.239933147615,0.0,-2.63696354354,-0.728180175312,4.25182009016,-0.0108684185717,0.117940168234,0.0,439.9673907652588,439.1445289455572,439.8223216487679,439.07388511069837
2.2200000000000015,-1.83429487085,-0.639374430614,15.599092494,6.23683730514,0.246550425183,0.0,-2.79996694219,-0.758135938173,4.30803899798,-0.016992890082,0.0870493339603,0.0,452.98754525252934,450.5063978812136,450.85983243698934,450.36479777855834
2.2800000000000016,-2.00712420362,-0.685742911145,15.8585467337,6.23593266789,0.252179957533,0.0,-2.96150559898,-0.787550687216,4.33993993068,-0.0114978628351,0.104756422702,0.0,443.45130271342026,444.9109629878894,444.8784024555777,445.3282707249052
2.3400000000000016,-2.19071651699,-0.734064736248,16.123530725,6.23518096624,0.258740748612,0.0,-3.15879501806,-0.823209087028,4.49174837815,-0.0146733612821,0.117224100535,0.0,482.6806907104644,483.63020594349643,483.2931398697731,483.05384329698376
2.4000000000000017,-2.38538107249,-0.784373384161,16.3940824103,6.23491628669,0.265527059695,0.0,-3.33064391667,-0.853770907645,4.52603034194,0.0107339336343,0.10324808769,0.0,449.95048714266755,448.82856163039605,447.45966115689527,449.5236243243817
2.4600000000000017,-2.58969773073,-0.836374450935,16.6637187782,6.23536679421,0.271741536805,0.0,-3.48050616581,-0.879556745563,4.46172352628,0.000118216287624,0.10421927987,0.0,416.93937831946795,417.03434288056684,417.8490317993377,416.9222939058327
2.520000000000002,-2.80425560603,-0.890110332144,16.9334970731,6.23545500503,0.277888873144,0.0,-3.67197174273,-0.911604073117,4.53008606312,0.00404577861211,0.0986751302855,0.0,461.9804279529207,461.5516719008347,461.0465459536981,461.35676967307296
2.580000000000002,-3.03085249978,-0.945834020407,17.2087569858,6.23566298417,0.283698442167,0.0,-3.88175067507,-0.945786740353,4.64418920944,0.00228137774966,0.0928482184271,0.0,477.9364951311934,477.4993999782939,477.1168983638075,476.9820832421477
2.640000000000002,-3.26875562559,-1.00337129175,17.4859463576,6.23693991942,0.289616753338,0.0,-4.04892773742,-0.972051618603,4.59520749001,0.0444583392,0.108237505973,0.0,426.3379041213433,427.65968006326153,425.0588767005732,428.6588932024085
2.700000000000002,-3.51709886935,-1.06250127785,17.7611054979,6.23967651998,0.296256272723,0.0,-4.22980542304,-0.998711575939,4.57631929928,0.0478185551263,0.115103966301,0.0,437.36063404438175,437.94326717078707,437.67466651564274,437.95553788752744
2.760000000000002,-3.77583227946,-1.12309886444,18.03311152,6.24279387437,0.303274473938,0.0,-4.39533456968,-1.02099113528,4.49041413632,0.059156555408,0.120459692879,0.0,415.3228336903529,415.8056782061248,415.4137376261258,416.40888151687517
2.820000000000002,-4.04493207336,-1.18502290304,18.3008628507,6.24627921185,0.310203091607,0.0,-4.57535454702,-1.0428666404,4.43430967938,0.0558643800583,0.102974624388,0.0,427.0800067970263,425.59812965261847,426.79663015981544,426.51798845507346
2.880000000000002,-4.32596580343,-1.24831707915,18.568278169,6.24937764436,0.316417420543,0.0,-4.79300796923,-1.06661765491,4.47868832841,0.0414695545197,0.104740245501,0.0,460.1458074104828,460.2945115535263,461.53824887116315,460.40212191219763
2.940000000000002,-4.62105583672,-1.3130663114,18.8408611564,6.25141628527,0.322524256231,0.0,-5.04383132833,-1.09140889649,4.60606251759,0.0115234729344,0.0950904935378,0.0,488.1885602376052,487.47581338713263,489.774144286574,487.54178562833744
3.000000000000002,-4.92935822113,-1.37907727157,19.1150461616,6.25215530489,0.328156719307,0.0,-5.23354599746,-1.10890164279,4.53315580777,0.0138585674907,0.0913259395861,0.0,426.06851113692915,425.7543454115529,426.65139324669343,426.8506423199417
3.0600000000000023,-5.25025114812,-1.44622366573,19.3879585577,6.25274001396,0.333875807433,0.0,-5.4634205329,-1.12922676132,4.56304119213,-0.000107160206994,0.102294465116,0.0,460.82648037684595,461.7001668937122,461.9793253313034,460.8764956733641
3.1200000000000023,-5.58466927797,-1.51454442604,19.6613916425,6.25233982407,0.340212731191,0.0,-5.68447533989,-1.14813022898,4.55067152696,-0.0249304758467,0.111539752982,0.0,449.5006489278341,450.2589630467277,450.2190462050943,448.20576015498125
3.1800000000000024,-5.931822287,-1.58395015607,19.9320811304,6.25077273052,0.347172038793,0.0,-5.88802166085,-1.16550185405,4.47189338001,-0.0286059548551,0.1236551034,0.0,427.86717983277794,428.91011464832513,429.20275473428717,428.89046204838644
3.2400000000000024,-6.29270094072,-1.65454359984,20.2016997722,6.24889202845,0.354577834082,0.0,-6.14192691716,-1.18774588987,4.51418721246,-0.0374780559089,0.122976170975,0.0,470.7239550762809,470.6842819859941,469.6402974331111,468.9512035244324
3.3000000000000025,-6.66784153215,-1.7263982841,20.4706369534,6.24616577948,0.362115591682,0.0,-6.3635239049,-1.20757905134,4.44975395769,-0.0703579768291,0.130463274437,0.0,437.14041285817007,437.77860546293994,438.79049072666135,436.050146040619
3.3600000000000025,-7.05671871727,-1.79951529623,20.7363207842,6.24238837562,0.370154839629,0.0,-6.59982311999,-1.22994531548,4.40552849571,-0.0512143205985,0.140233252362,0.0,445.53082596377885,446.34549456372616,444.9759361465815,446.5377003941702
3.4200000000000026,-7.45938571685,-1.8739683868,20.9977716451,6.23944454979,0.378674706045,0.0,-6.82327401593,-1.25202410558,4.30890224935,-0.0450778700223,0.145308214373,0.0,429.25782855343084,429.70790321486874,429.85774910211586,430.37599134612805
3.4800000000000026,-7.87537636096,-1.94975579269,21.2526501955,6.2366675264,0.387237938008,0.0,-7.04398877465,-1.27439670464,4.18654728105,-0.0488107461069,0.136972730763,0.0,422.3716969021539,421.6721491008491,422.41312723868515,422.08962247235354
3.5400000000000027,-8.30659539285,-2.02712842445,21.5044805582,6.23397521988,0.395310899834,0.0,-7.33070346228,-1.3048833315,4.20636077746,-0.0379745654466,0.129205594439,0.0,472.61330860221335,472.02963733865533,470.6074194438903,471.4445590826466
3.6000000000000028,-8.75389573155,-2.10621499807,21.7541901857,6.23150782847,0.402969974256,0.0,-7.58014741315,-1.33148119718,4.11651516109,-0.0483084408647,0.124349393877,0.0,438.921599652924,438.533382661824,437.9487761439283,437.08722534167094
3.660000000000003,-9.21540019024,-2.18681542553,21.9961733213,6.22929583256,0.410719281916,0.0,-7.80429023365,-1.35534790703,3.94925223903,-0.0204535277683,0.137349138949,0.0,411.972393761631,413.1371082552273,410.5200239519532,412.98405560260426
3.720000000000003,-9.69153539807,-2.26899257564,22.230296426,6.2275869462,0.418822790067,0.0,-8.06777548187,-1.38395554111,3.85395629248,-0.0537991653787,0.130036981553,0.0,438.46708935103567,437.8761243184796,441.3189825646613,438.5567859581481
3.780000000000003,-10.1836668592,-2.35290985309,22.4585342412,6.22380294898,0.426877822585,0.0,-8.33749756111,-1.41348679774,3.7530343813,-0.0975042796419,0.141562262577,0.0,438.17639000803484,439.1504952169849,441.6219775753984,437.99744157726
3.840000000000003,-10.6935202892,-2.43883120977,22.683481666,6.21813963167,0.435760206782,0.0,-8.65839609697,-1.45095570614,3.74349668036,-0.0887938974176,0.15857028871,0.0,472.5503347608715,473.87877890375563,471.5928406145681,472.2583094447928
3.900000000000003,-11.2207553427,-2.52678944487,22.9031626924,6.21232000455,0.445141449659,0.0,-8.91715439207,-1.4812871265,3.57840867324,-0.123293697505,0.151512609923,0.0,422.48456845005114,421.89995338096975,424.49784618627524,421.51669510157296
3.960000000000003,-11.7651521128,-2.61685148707,23.1157383572,6.20491146175,0.454209851161,0.0,-9.23028516604,-1.52124583993,3.50590899249,-0.12384188209,0.150385205601,0.0,456.77603490755104,456.7069225960125,458.2705497537961,458.2136435116237
4.020000000000002,-12.3272895253,-2.70920486429,23.3211570084,6.19726811524,0.463346728657,0.0,-9.50867282963,-1.55760629522,3.34039262207,-0.135634122131,0.155822502881,0.0,428.5724981177405,429.0572832112297,428.0680684948633,427.04746616587835
4.080000000000001,-12.9077109576,-2.80406157642,23.5191533828,6.18925239843,0.472948012183,0.0,-9.83960954212,-1.60475313664,3.25774879518,-0.12980501528,0.167309417032,0.0,460.2635025454378,461.195176441582,459.39543480327535,459.8417298427861
4.14,-13.5082111663,-2.90184495451,23.7119055483,6.18107368351,0.482754122348,0.0,-10.1779856638,-1.65512037314,3.16548516086,-0.154312181902,0.154284795246,0.0,461.2179230043564,460.21210419555763,462.27839876815386,460.3257038523235
4.199999999999998,-14.1304455288,-3.00298805089,23.9011051967,6.17159530726,0.491779553297,0.0,-10.5638842579,-1.71686345896,3.13872829886,-0.166527128502,0.141309728145,0.0,488.50894224295087,487.559168703773,487.0762992136866,486.14023466850347
4.259999999999997,-14.7729723973,-3.10731514137,24.0826508619,6.16122009809,0.500071202936,0.0,-10.8548480446,-1.76116311925,2.91180644465,-0.190453337093,0.131102563174,0.0,423.49024828369306,422.62974522014065,422.46611734722944,420.3660452592806
4.319999999999996,-15.4349623842,-3.21479529229,24.2535752483,6.14981317078,0.508568376017,0.0,-11.2123925201,-1.82208267582,2.7837677781,-0.189449165963,0.157031183901,0.0,459.9211844244216,461.9882549221526,461.1122990640596,461.157909884092
4.379999999999995,-16.1173161578,-3.32573401871,24.4141595607,6.13898884313,0.51779002944,0.0,-11.5338814567,-1.87632662831,2.56759484723,-0.166666664353,0.146019129402,0.0,434.5193495978286,433.617710749834,432.61966964892514,434.50154140103234
4.439999999999993,-16.8190961307,-3.43998725998,24.5613103672,6.12906948565,0.526317963971,0.0,-11.8599839244,-1.93248248638,2.33602598597,-0.162765002918,0.132944036181,0.0,431.7156748478123,430.6300194125613,432.0446272134964,432.3466358948946
4.499999999999992,-17.5388191438,-3.55718405863,24.6911141596,6.1194851001,0.535013878,0.0,-12.1323355672,-1.97438328696,1.99015783186,-0.154294727829,0.161898411675,0.0,387.78167842873773,390.515343085532,389.54236031731125,390.30576702728484
4.559999999999991,-18.2784733139,-3.67785855336,24.8054537974,6.11034305226,0.545240201762,0.0,-12.523836588,-2.04834257633,1.81880849063,-0.148771785429,0.183581096375,0.0,458.6382953336453,460.38412258354515,460.0532208018211,460.4694381449897
4.6199999999999894,-19.0408606871,-3.80273789894,24.9074583961,6.10104100745,0.556250193236,0.0,-12.8902775853,-2.11447856901,1.57926140327,-0.172056621033,0.183337136525,0.0,440.2080300509806,440.2208056229419,442.00457635411465,440.05722352443445
4.679999999999988,-19.8265336768,-3.93193159044,24.9963203861,6.09037827877,0.567952570848,0.0,-13.2998546294,-2.19216053833,1.38007837715,-0.192478051768,0.211706848793,0.0,460.12342131364863,462.3994347045874,462.031010763792,460.3878987843326
4.739999999999987,-20.6344934343,-4.06506742326,25.0688430534,6.07890183914,0.580505810359,0.0,-13.6335424521,-2.24585449123,1.03554168804,-0.188972095488,0.203727099887,0.0,412.45002634521416,411.79118189401095,411.3991006330067,411.670709382623
4.799999999999986,-21.4643649476,-4.20195072476,25.1227036759,6.06759541636,0.592350502807,0.0,-14.030020539,-2.31700967104,0.757207566794,-0.187399230977,0.180189626599,0.0,444.315128831472,442.4181710122737,443.8220723711012,443.91663422940405
4.859999999999984,-22.3175463035,-4.34288750805,25.1582964542,6.05634802961,0.603011447839,0.0,-14.4107352832,-2.38094165952,0.426967709019,-0.18757094029,0.172135434188,0.0,430.1428169083281,429.49150768648167,429.8732826274381,429.82328536761554
4.919999999999983,-23.1961117949,-4.48840935814,25.1767954697,6.04550099488,0.613152380054,0.0,-14.8757839971,-2.46973502307,0.186359479122,-0.169845988758,0.161914837583,0.0,470.9948934635695,470.2290226928524,470.7086694784126,472.04903261264496
4.979999999999982,-24.1002234992,-4.6383790363,25.1766604072,6.0349091355,0.622506842394,0.0,-15.262868669,-2.52919443607,-0.193066870878,-0.195256239226,0.139858306219,0.0,425.5711340388602,423.70203676335024,425.75047822156296,423.5374056081224
5.0399999999999805,-25.0274639388,-4.79175788627,25.152735676,6.02324802045,0.631064774023,0.0,-15.6469369994,-2.58338531121,-0.60650290004,-0.192604768879,0.147665835019,0.0,415.8073417641379,416.51148403645567,416.7827716903881,416.97495886671675
